{
 "cells": [
  {
   "cell_type": "code",
   "execution_count": null,
   "metadata": {},
   "outputs": [
    {
     "name": "stdout",
     "output_type": "stream",
     "text": [
      "공분산 행렬 크기 : (26, 26)\n",
      "공분산 행렬:\n",
      "[[ 7.06887172e+03  9.32610934e+02  9.40295707e+02  4.98765617e+01\n",
      "   1.04276064e+02  7.59828083e+01  1.47564284e+02  5.80406166e+01\n",
      "   4.92568114e+01  1.06171082e+02  8.65679860e+01  8.41936859e+01\n",
      "  -1.90496782e+01  1.10449505e+01 -3.20559788e+01  2.07385464e+00\n",
      "  -7.65745950e+00 -2.96348560e+01 -9.14381953e+01  5.79469712e+01\n",
      "   8.88018182e+01  8.00648357e+01  4.16656841e+01  8.22518452e+01\n",
      "   1.07223292e+02 -4.35060756e+01]\n",
      " [ 9.32610934e+02  6.61357316e+03  1.80619277e+03  3.74024788e+02\n",
      "   2.19665362e+02  2.84031593e+02  3.49588551e+02  2.52484811e+02\n",
      "   3.75379395e+02  2.50325115e+02  3.01299408e+02  3.64614730e+02\n",
      "   2.80820988e+02  3.79627903e+01  8.57264784e+01  1.19736654e+02\n",
      "   1.26974010e+01  2.96068924e+02  9.09569622e+01  2.70943353e+02\n",
      "   2.23401422e+02  2.62280506e+02  2.86938501e+02  3.07416922e+02\n",
      "   2.71526685e+02  1.46906166e+02]\n",
      " [ 9.40295707e+02  1.80619277e+03  6.92654182e+03  2.91518020e+02\n",
      "   3.26200621e+02  3.63448065e+02  3.89658362e+02  2.99795230e+02\n",
      "   2.78514320e+02  2.24912754e+02  1.72492160e+02  1.70325311e+02\n",
      "   7.35662376e+01  1.91764896e+01  1.50378848e+01  6.86394509e+01\n",
      "   7.84930243e+01  2.45012691e+02  1.05096112e+02  2.40871485e+02\n",
      "   1.41550171e+02  2.50529964e+02  3.02552565e+02  2.71415482e+02\n",
      "   2.82645122e+02  1.75064806e+02]\n",
      " [ 4.98765617e+01  3.74024788e+02  2.91518020e+02  4.47837105e+03\n",
      "   1.03052041e+03  9.78437984e+02  9.94076760e+02  6.90634563e+02\n",
      "   1.06776005e+03  5.72552961e+02  5.67288011e+02  6.53009937e+02\n",
      "   3.60852007e+02  5.08972961e+02  4.58399262e+02  5.50411035e+02\n",
      "   3.92400090e+02  5.24882268e+02  4.42276652e+02  1.84627039e+02\n",
      "   3.11089901e+02  3.46180900e+02  3.23128533e+02  2.75941674e+02\n",
      "   1.90760810e+02  2.99405041e+02]\n",
      " [ 1.04276064e+02  2.19665362e+02  3.26200621e+02  1.03052041e+03\n",
      "   4.41740207e+03  1.29602583e+03  1.14263993e+03  8.78087871e+02\n",
      "   8.78223787e+02  5.13094008e+02  4.29676798e+02  4.95967961e+02\n",
      "   4.05400538e+02  4.75505149e+02  3.85891087e+02  2.56781442e+02\n",
      "   2.61377869e+02  5.69409338e+02  3.11190050e+02  3.13437538e+02\n",
      "   2.25253519e+02  2.86607491e+02  2.95834811e+02  2.55079568e+02\n",
      "   7.85756143e+01  2.73327408e+02]\n",
      " [ 7.59828083e+01  2.84031593e+02  3.63448065e+02  9.78437984e+02\n",
      "   1.29602583e+03  4.56677228e+03  3.40525761e+03  1.78836634e+03\n",
      "   9.03599730e+02  8.57089199e+02  6.30883618e+02  5.86428083e+02\n",
      "   5.15387669e+02  5.07401800e+02  4.82871917e+02  3.92816292e+02\n",
      "   4.68877138e+02  6.20920792e+02  2.71727633e+02  2.03002340e+02\n",
      "   2.70999280e+02  4.29285959e+02  3.35042304e+02  3.39984698e+02\n",
      "   6.01151215e+01  3.48568857e+02]\n",
      " [ 1.47564284e+02  3.49588551e+02  3.89658362e+02  9.94076760e+02\n",
      "   1.14263993e+03  3.40525761e+03  4.61084803e+03  1.40728173e+03\n",
      "   1.03612353e+03  8.46533285e+02  6.72436148e+02  6.99458038e+02\n",
      "   5.04862970e+02  4.38333141e+02  3.68296814e+02  3.49786247e+02\n",
      "   4.77851485e+02  7.53481008e+02  3.32774005e+02  2.18693141e+02\n",
      "   2.15186643e+02  3.79794383e+02  3.18238164e+02  4.01270387e+02\n",
      "   1.28106859e+02  3.37383438e+02]\n",
      " [ 5.80406166e+01  2.52484811e+02  2.99795230e+02  6.90634563e+02\n",
      "   8.78087871e+02  1.78836634e+03  1.40728173e+03  4.51156053e+03\n",
      "   5.31469959e+02  8.23136251e+02  6.74864424e+02  6.43486724e+02\n",
      "   4.81395702e+02  4.53919892e+02  3.90351598e+02  4.43352273e+02\n",
      "   4.80420230e+02  6.45437669e+02  3.80759451e+02  2.98819757e+02\n",
      "   3.01746175e+02  3.30197457e+02  3.33286454e+02  3.57673267e+02\n",
      "   1.81600473e+02  3.28409091e+02]\n",
      " [ 4.92568114e+01  3.75379395e+02  2.78514320e+02  1.06776005e+03\n",
      "   8.78223787e+02  9.03599730e+02  1.03612353e+03  5.31469959e+02\n",
      "   4.66033375e+03  8.02955025e+02  6.54964134e+02  7.53456296e+02\n",
      "   5.84879683e+02  5.83363798e+02  5.52363931e+02  3.90795763e+02\n",
      "   3.56258832e+02  6.38420770e+02  4.12831688e+02  4.09491670e+02\n",
      "   3.86510837e+02  2.97290866e+02  3.07462444e+02  3.38527993e+02\n",
      "   2.28171483e+02  3.64631638e+02]\n",
      " [ 1.06171082e+02  2.50325115e+02  2.24912754e+02  5.72552961e+02\n",
      "   5.13094008e+02  8.57089199e+02  8.46533285e+02  8.23136251e+02\n",
      "   8.02955025e+02  4.67131627e+03  1.77901676e+03  1.31172054e+03\n",
      "   7.07434152e+02  6.47386013e+02  5.44855394e+02  5.84887486e+02\n",
      "   7.32433562e+02  1.17718076e+03  6.39445666e+02  3.76021256e+02\n",
      "   2.16482070e+02  6.01946550e+02  4.82098042e+02  3.18082088e+02\n",
      "   2.01273153e+02  2.52907516e+02]\n",
      " [ 8.65679860e+01  3.01299408e+02  1.72492160e+02  5.67288011e+02\n",
      "   4.29676798e+02  6.30883618e+02  6.72436148e+02  6.74864424e+02\n",
      "   6.54964134e+02  1.77901676e+03  4.58331044e+03  2.86102066e+03\n",
      "   1.06014421e+03  7.85523330e+02  7.41489849e+02  5.66897171e+02\n",
      "   7.47000619e+02  1.11365799e+03  5.75881274e+02  3.12123902e+02\n",
      "   3.99641998e+02  4.92828891e+02  3.01102363e+02  2.60542214e+02\n",
      "   1.95352685e+02  3.01290954e+02]\n",
      " [ 8.41936859e+01  3.64614730e+02  1.70325311e+02  6.53009937e+02\n",
      "   4.95967961e+02  5.86428083e+02  6.99458038e+02  6.43486724e+02\n",
      "   7.53456296e+02  1.31172054e+03  2.86102066e+03  4.64385022e+03\n",
      "   1.46431306e+03  1.07911716e+03  9.18048429e+02  8.21507862e+02\n",
      "   5.91884226e+02  1.23170968e+03  4.98867066e+02  3.06873258e+02\n",
      "   4.98484680e+02  3.76817241e+02  2.24345680e+02  2.16372817e+02\n",
      "   2.75022129e+02  3.66387489e+02]\n",
      " [-1.90496782e+01  2.80820988e+02  7.35662376e+01  3.60852007e+02\n",
      "   4.05400538e+02  5.15387669e+02  5.04862970e+02  4.81395702e+02\n",
      "   5.84879683e+02  7.07434152e+02  1.06014421e+03  1.46431306e+03\n",
      "   4.63835310e+03  1.78196203e+03  1.43230000e+03  1.28373293e+03\n",
      "   8.39507932e+02  1.78497820e+03  6.61943965e+02  4.76432498e+02\n",
      "   6.55033717e+02  5.52898490e+02  3.35373965e+02  3.46904050e+02\n",
      "   3.40496496e+02  3.27953870e+02]\n",
      " [ 1.10449505e+01  3.79627903e+01  1.91764896e+01  5.08972961e+02\n",
      "   4.75505149e+02  5.07401800e+02  4.38333141e+02  4.53919892e+02\n",
      "   5.83363798e+02  6.47386013e+02  7.85523330e+02  1.07911716e+03\n",
      "   1.78196203e+03  4.65484054e+03  1.45030137e+03  1.53585161e+03\n",
      "   9.48549505e+02  1.14616724e+03  7.57996796e+02  4.09969001e+02\n",
      "   6.01588227e+02  5.96931971e+02  4.31497030e+02  2.60958416e+02\n",
      "   3.13155302e+02  3.32701170e+02]\n",
      " [-3.20559788e+01  8.57264784e+01  1.50378848e+01  4.58399262e+02\n",
      "   3.85891087e+02  4.82871917e+02  3.68296814e+02  3.90351598e+02\n",
      "   5.52363931e+02  5.44855394e+02  7.41489849e+02  9.18048429e+02\n",
      "   1.43230000e+03  1.45030137e+03  4.63835310e+03  1.88852591e+03\n",
      "   1.43129461e+03  1.03061276e+03  1.09765504e+03  5.93489203e+02\n",
      "   7.52580972e+02  7.28483549e+02  5.49977925e+02  3.07885149e+02\n",
      "   3.01477595e+02  3.60469622e+02]\n",
      " [ 2.07385464e+00  1.19736654e+02  6.86394509e+01  5.50411035e+02\n",
      "   2.56781442e+02  3.92816292e+02  3.49786247e+02  4.43352273e+02\n",
      "   3.90795763e+02  5.84887486e+02  5.66897171e+02  8.21507862e+02\n",
      "   1.28373293e+03  1.53585161e+03  1.88852591e+03  4.62735498e+03\n",
      "   2.31022789e+03  8.17010284e+02  7.73493803e+02  6.39965918e+02\n",
      "   7.99049883e+02  9.83098792e+02  7.00499842e+02  2.89312151e+02\n",
      "   3.02363324e+02  4.85200045e+02]\n",
      " [-7.65745950e+00  1.26974010e+01  7.84930243e+01  3.92400090e+02\n",
      "   2.61377869e+02  4.68877138e+02  4.77851485e+02  4.80420230e+02\n",
      "   3.56258832e+02  7.32433562e+02  7.47000619e+02  5.91884226e+02\n",
      "   8.39507932e+02  9.48549505e+02  1.43129461e+03  2.31022789e+03\n",
      "   4.64934603e+03  8.21510464e+02  7.12972885e+02  6.18547142e+02\n",
      "   7.58137264e+02  1.36479990e+03  6.40072570e+02  3.13451845e+02\n",
      "   2.16050911e+02  3.59299055e+02]\n",
      " [-2.96348560e+01  2.96068924e+02  2.45012691e+02  5.24882268e+02\n",
      "   5.69409338e+02  6.20920792e+02  7.53481008e+02  6.45437669e+02\n",
      "   6.38420770e+02  1.17718076e+03  1.11365799e+03  1.23170968e+03\n",
      "   1.78497820e+03  1.14616724e+03  1.03061276e+03  8.17010284e+02\n",
      "   8.21510464e+02  4.62185396e+03  7.54482493e+02  3.60807786e+02\n",
      "   4.74365797e+02  3.85305153e+02  2.71766652e+02  2.70270927e+02\n",
      "   2.37774685e+02  3.55722322e+02]\n",
      " [-9.14381953e+01  9.09569622e+01  1.05096112e+02  4.42276652e+02\n",
      "   3.11190050e+02  2.71727633e+02  3.32774005e+02  3.80759451e+02\n",
      "   4.12831688e+02  6.39445666e+02  5.75881274e+02  4.98867066e+02\n",
      "   6.61943965e+02  7.57996796e+02  1.09765504e+03  7.73493803e+02\n",
      "   7.12972885e+02  7.54482493e+02  4.59983689e+03  5.18792718e+02\n",
      "   3.72209109e+02  6.66925378e+02  3.77715977e+02  2.46131233e+02\n",
      "   2.78565045e+02  2.14994149e+02]\n",
      " [ 5.79469712e+01  2.70943353e+02  2.40871485e+02  1.84627039e+02\n",
      "   3.13437538e+02  2.03002340e+02  2.18693141e+02  2.98819757e+02\n",
      "   4.09491670e+02  3.76021256e+02  3.12123902e+02  3.06873258e+02\n",
      "   4.76432498e+02  4.09969001e+02  5.93489203e+02  6.39965918e+02\n",
      "   6.18547142e+02  3.60807786e+02  5.18792718e+02  4.42295121e+03\n",
      "   7.19019514e+02  7.54338123e+02  6.79045950e+02  2.67617642e+02\n",
      "   2.01692606e+02  4.22314581e+02]\n",
      " [ 8.88018182e+01  2.23401422e+02  1.41550171e+02  3.11089901e+02\n",
      "   2.25253519e+02  2.70999280e+02  2.15186643e+02  3.01746175e+02\n",
      "   3.86510837e+02  2.16482070e+02  3.99641998e+02  4.98484680e+02\n",
      "   6.55033717e+02  6.01588227e+02  7.52580972e+02  7.99049883e+02\n",
      "   7.58137264e+02  4.74365797e+02  3.72209109e+02  7.19019514e+02\n",
      "   4.38963687e+03  8.28849919e+02  7.72938434e+02  8.03685329e+02\n",
      "   4.90488407e+02  6.07914491e+02]\n",
      " [ 8.00648357e+01  2.62280506e+02  2.50529964e+02  3.46180900e+02\n",
      "   2.86607491e+02  4.29285959e+02  3.79794383e+02  3.30197457e+02\n",
      "   2.97290866e+02  6.01946550e+02  4.92828891e+02  3.76817241e+02\n",
      "   5.52898490e+02  5.96931971e+02  7.28483549e+02  9.83098792e+02\n",
      "   1.36479990e+03  3.85305153e+02  6.66925378e+02  7.54338123e+02\n",
      "   8.28849919e+02  4.58331044e+03  7.56322885e+02  4.49133573e+02\n",
      "   3.38421991e+02  4.50863411e+02]\n",
      " [ 4.16656841e+01  2.86938501e+02  3.02552565e+02  3.23128533e+02\n",
      "   2.95834811e+02  3.35042304e+02  3.18238164e+02  3.33286454e+02\n",
      "   3.07462444e+02  4.82098042e+02  3.01102363e+02  2.24345680e+02\n",
      "   3.35373965e+02  4.31497030e+02  5.49977925e+02  7.00499842e+02\n",
      "   6.40072570e+02  2.71766652e+02  3.77715977e+02  6.79045950e+02\n",
      "   7.72938434e+02  7.56322885e+02  4.40074685e+03  5.55629163e+02\n",
      "   3.01011319e+02  6.91284878e+02]\n",
      " [ 8.22518452e+01  3.07416922e+02  2.71415482e+02  2.75941674e+02\n",
      "   2.55079568e+02  3.39984698e+02  4.01270387e+02  3.57673267e+02\n",
      "   3.38527993e+02  3.18082088e+02  2.60542214e+02  2.16372817e+02\n",
      "   3.46904050e+02  2.60958416e+02  3.07885149e+02  2.89312151e+02\n",
      "   3.13451845e+02  2.70270927e+02  2.46131233e+02  2.67617642e+02\n",
      "   8.03685329e+02  4.49133573e+02  5.55629163e+02  4.34514491e+03\n",
      "   9.75264446e+02  5.21552655e+02]\n",
      " [ 1.07223292e+02  2.71526685e+02  2.82645122e+02  1.90760810e+02\n",
      "   7.85756143e+01  6.01151215e+01  1.28106859e+02  1.81600473e+02\n",
      "   2.28171483e+02  2.01273153e+02  1.95352685e+02  2.75022129e+02\n",
      "   3.40496496e+02  3.13155302e+02  3.01477595e+02  3.02363324e+02\n",
      "   2.16050911e+02  2.37774685e+02  2.78565045e+02  2.01692606e+02\n",
      "   4.90488407e+02  3.38421991e+02  3.01011319e+02  9.75264446e+02\n",
      "   4.12705462e+03  4.20818857e+02]\n",
      " [-4.35060756e+01  1.46906166e+02  1.75064806e+02  2.99405041e+02\n",
      "   2.73327408e+02  3.48568857e+02  3.37383438e+02  3.28409091e+02\n",
      "   3.64631638e+02  2.52907516e+02  3.01290954e+02  3.66387489e+02\n",
      "   3.27953870e+02  3.32701170e+02  3.60469622e+02  4.85200045e+02\n",
      "   3.59299055e+02  3.55722322e+02  2.14994149e+02  4.22314581e+02\n",
      "   6.07914491e+02  4.50863411e+02  6.91284878e+02  5.21552655e+02\n",
      "   4.20818857e+02  5.32608011e+03]]\n",
      "가장 높은 상관계수: 0.7420871125064005\n",
      "상관관계가 가장 높은 데이터 인덱스: (np.int64(5), np.int64(6))\n",
      "가장 높은 상관관계를 가진 이미지 1: desert39 (43).png\n",
      "가장 높은 상관관계를 가진 이미지 2: desert39 (44).png\n"
     ]
    }
   ],
   "source": [
    "# import cv2\n",
    "# import os\n",
    "# import numpy as np\n",
    "\n",
    "# # 데이터를 저장할 리스트\n",
    "# data = []\n",
    "# size = (100, 100)\n",
    "\n",
    "# # 파일 목록 불러오기\n",
    "# filename = os.listdir('../project9/DATA/normal_cup/')\n",
    "\n",
    "# # 이미지 처리\n",
    "# for x in filename:\n",
    "#     path = '../project9/DATA/normal_cup/' + x\n",
    "#     img = cv2.imread(path)\n",
    "#     img = cv2.resize(img, size)\n",
    "\n",
    "#     b, g, r = cv2.split(img)\n",
    "#     clahe = cv2.createCLAHE(clipLimit=3, tileGridSize=(16, 16))\n",
    "#     enhanced = clahe.apply(g)\n",
    "\n",
    "#     # Canny 엣지 검출\n",
    "#     edges = cv2.Canny(enhanced, 150, 200)\n",
    "\n",
    "#     # 데이터를 1D 배열로 변환 후 리스트에 추가\n",
    "#     data.append(edges.flatten())\n",
    "\n",
    "# # 리스트를 Numpy 배열로 변환 (샘플 수 X 특징 수)\n",
    "# data_array = np.array(data)\n",
    "\n",
    "# # 공분산 행렬 계산 (이미지 간 공분산)\n",
    "# covariance_matrix = np.cov(data_array, rowvar=True)  # 샘플 간 공분산\n",
    "\n",
    "# # 상관계수 행렬 계산\n",
    "# correlation_matrix = np.corrcoef(data_array, rowvar=True)\n",
    "\n",
    "# # 결과 출력\n",
    "# print('공분산 행렬 크기 :', covariance_matrix.shape)\n",
    "# print('공분산 행렬:')\n",
    "# print(covariance_matrix)\n",
    "\n",
    "# # 상관계수 행렬에서 대각선 값(자기 자신과의 상관계수)은 제외하고,\n",
    "# # 상관관계가 높은 값만 찾기 위해 upper triangle만 추출\n",
    "# n = correlation_matrix.shape[0]\n",
    "# upper_triangle = np.triu(correlation_matrix, k=1)  # 대각선 위 값만 추출\n",
    "\n",
    "# # 가장 높은 상관관계를 가진 두 데이터의 인덱스를 찾기\n",
    "# max_corr_value = np.max(upper_triangle)  # 가장 높은 상관계수\n",
    "# max_corr_indices = np.unravel_index(np.argmax(upper_triangle), upper_triangle.shape)  # 인덱스 반환\n",
    "\n",
    "# # 가장 높은 상관관계를 가진 두 변수\n",
    "# print(f\"가장 높은 상관계수: {max_corr_value}\")\n",
    "# print(f\"상관관계가 가장 높은 데이터 인덱스: {max_corr_indices}\")\n",
    "\n",
    "# # 가장 높은 상관관계를 가진 두 이미지의 파일 이름 출력\n",
    "# image1_filename = filename[max_corr_indices[0]]\n",
    "# image2_filename = filename[max_corr_indices[1]]\n",
    "\n",
    "# print(f\"가장 높은 상관관계를 가진 이미지 1: {image1_filename}\")\n",
    "# print(f\"가장 높은 상관관계를 가진 이미지 2: {image2_filename}\")\n",
    "\n",
    "# # 가장 높은 상관관계를 가진 두 이미지를 불러오기\n",
    "# image1_path = '../project9/DATA/normal_cup/' + image1_filename\n",
    "# image2_path = '../project9/DATA/normal_cup/' + image2_filename\n",
    "\n",
    "# # 이미지 읽기\n",
    "# image1 = cv2.imread(image1_path)\n",
    "# image2 = cv2.imread(image2_path)\n",
    "\n",
    "# # 이미지 출력\n",
    "# cv2.imshow('Most Correlated Image 1', image1)\n",
    "# cv2.imshow('Most Correlated Image 2', image2)\n",
    "\n",
    "# # 이미지가 표시되고 ESC 키를 눌렀을 때 창 닫기\n",
    "# cv2.waitKey(0)\n",
    "# cv2.destroyAllWindows()"
   ]
  },
  {
   "cell_type": "code",
   "execution_count": 16,
   "metadata": {},
   "outputs": [
    {
     "name": "stdout",
     "output_type": "stream",
     "text": [
      "공분산 행렬 크기 : (207, 207)\n",
      "공분산 행렬:\n",
      "[[4506.03220297 -134.03057831  291.84577858 ...  280.47176868\n",
      "   284.22343609  236.89806031]\n",
      " [-134.03057831 3946.63121287  290.2850225  ...  312.07707921\n",
      "   336.57379613  287.75269577]\n",
      " [ 291.84577858  290.2850225  4654.84054005 ... 2146.08122412\n",
      "  2975.39936994 4008.00079208]\n",
      " ...\n",
      " [ 280.47176868  312.07707921 2146.08122412 ... 4709.71412241\n",
      "  3256.30294779 2494.18445545]\n",
      " [ 284.22343609  336.57379613 2975.39936994 ... 3256.30294779\n",
      "  4813.61560531 3329.93161566]\n",
      " [ 236.89806031  287.75269577 4008.00079208 ... 2494.18445545\n",
      "  3329.93161566 4687.78029703]]\n",
      "가장 높은 상관계수: 0.9240277462983889\n",
      "상관관계가 가장 높은 데이터 인덱스: (np.int64(77), np.int64(79))\n",
      "가장 높은 상관관계를 가진 이미지 1: stanley (169).png\n",
      "가장 높은 상관관계를 가진 이미지 2: stanley (170).png\n"
     ]
    },
    {
     "ename": "error",
     "evalue": "OpenCV(4.11.0) D:\\a\\opencv-python\\opencv-python\\opencv\\modules\\highgui\\src\\window.cpp:973: error: (-215:Assertion failed) size.width>0 && size.height>0 in function 'cv::imshow'\n",
     "output_type": "error",
     "traceback": [
      "\u001b[1;31m---------------------------------------------------------------------------\u001b[0m",
      "\u001b[1;31merror\u001b[0m                                     Traceback (most recent call last)",
      "Cell \u001b[1;32mIn[16], line 71\u001b[0m\n\u001b[0;32m     68\u001b[0m image2 \u001b[38;5;241m=\u001b[39m cv2\u001b[38;5;241m.\u001b[39mimread(image2_path)\n\u001b[0;32m     70\u001b[0m \u001b[38;5;66;03m# 이미지 출력\u001b[39;00m\n\u001b[1;32m---> 71\u001b[0m \u001b[43mcv2\u001b[49m\u001b[38;5;241;43m.\u001b[39;49m\u001b[43mimshow\u001b[49m\u001b[43m(\u001b[49m\u001b[38;5;124;43m'\u001b[39;49m\u001b[38;5;124;43mMost Correlated Image 1\u001b[39;49m\u001b[38;5;124;43m'\u001b[39;49m\u001b[43m,\u001b[49m\u001b[43m \u001b[49m\u001b[43mimage1\u001b[49m\u001b[43m)\u001b[49m\n\u001b[0;32m     72\u001b[0m cv2\u001b[38;5;241m.\u001b[39mimshow(\u001b[38;5;124m'\u001b[39m\u001b[38;5;124mMost Correlated Image 2\u001b[39m\u001b[38;5;124m'\u001b[39m, image2)\n\u001b[0;32m     74\u001b[0m \u001b[38;5;66;03m# 이미지가 표시되고 ESC 키를 눌렀을 때 창 닫기\u001b[39;00m\n",
      "\u001b[1;31merror\u001b[0m: OpenCV(4.11.0) D:\\a\\opencv-python\\opencv-python\\opencv\\modules\\highgui\\src\\window.cpp:973: error: (-215:Assertion failed) size.width>0 && size.height>0 in function 'cv::imshow'\n"
     ]
    }
   ],
   "source": [
    "import cv2\n",
    "import os\n",
    "import numpy as np\n",
    "\n",
    "# 데이터를 저장할 리스트\n",
    "data = []\n",
    "size = (100, 100)\n",
    "\n",
    "# 파일 목록 불러오기\n",
    "filename = os.listdir('../project9/DATA/normal_cup_st/')\n",
    "\n",
    "# 이미지 처리\n",
    "for x in filename:\n",
    "    path = '../project9/DATA/normal_cup_st/' + x\n",
    "    img = cv2.imread(path)\n",
    "    img = cv2.resize(img, size)\n",
    "\n",
    "    b, g, r = cv2.split(img)\n",
    "    clahe = cv2.createCLAHE(clipLimit=3, tileGridSize=(16, 16))\n",
    "    enhanced = clahe.apply(g)\n",
    "\n",
    "    # Canny 엣지 검출\n",
    "    edges = cv2.Canny(enhanced, 150, 200)\n",
    "\n",
    "    # 데이터를 1D 배열로 변환 후 리스트에 추가\n",
    "    data.append(edges.flatten())\n",
    "\n",
    "# 리스트를 Numpy 배열로 변환 (샘플 수 X 특징 수)\n",
    "data_array = np.array(data)\n",
    "\n",
    "# 공분산 행렬 계산 (이미지 간 공분산)\n",
    "covariance_matrix = np.cov(data_array, rowvar=True)  # 샘플 간 공분산\n",
    "\n",
    "# 상관계수 행렬 계산\n",
    "correlation_matrix = np.corrcoef(data_array, rowvar=True)\n",
    "\n",
    "# 결과 출력\n",
    "print('공분산 행렬 크기 :', covariance_matrix.shape)\n",
    "print('공분산 행렬:')\n",
    "print(covariance_matrix)\n",
    "\n",
    "# 상관계수 행렬에서 대각선 값(자기 자신과의 상관계수)은 제외하고,\n",
    "# 상관관계가 높은 값만 찾기 위해 upper triangle만 추출\n",
    "n = correlation_matrix.shape[0]\n",
    "upper_triangle = np.triu(correlation_matrix, k=1)  # 대각선 위 값만 추출\n",
    "\n",
    "# 가장 높은 상관관계를 가진 두 데이터의 인덱스를 찾기\n",
    "max_corr_value = np.max(upper_triangle)  # 가장 높은 상관계수\n",
    "max_corr_indices = np.unravel_index(np.argmax(upper_triangle), upper_triangle.shape)  # 인덱스 반환\n",
    "\n",
    "# 가장 높은 상관관계를 가진 두 변수\n",
    "print(f\"가장 높은 상관계수: {max_corr_value}\")\n",
    "print(f\"상관관계가 가장 높은 데이터 인덱스: {max_corr_indices}\")\n",
    "\n",
    "# 가장 높은 상관관계를 가진 두 이미지의 파일 이름 출력\n",
    "image1_filename = filename[max_corr_indices[0]]\n",
    "image2_filename = filename[max_corr_indices[1]]\n",
    "\n",
    "print(f\"가장 높은 상관관계를 가진 이미지 1: {image1_filename}\")\n",
    "print(f\"가장 높은 상관관계를 가진 이미지 2: {image2_filename}\")\n",
    "\n",
    "# 가장 높은 상관관계를 가진 두 이미지를 불러오기\n",
    "image1_path = '../project9/DATA/normal_cup/' + image1_filename\n",
    "image2_path = '../project9/DATA/normal_cup/' + image2_filename\n",
    "\n",
    "# 이미지 읽기\n",
    "image1 = cv2.imread(image1_path)\n",
    "image2 = cv2.imread(image2_path)\n",
    "\n",
    "# 이미지 출력\n",
    "cv2.imshow('Most Correlated Image 1', image1)\n",
    "cv2.imshow('Most Correlated Image 2', image2)\n",
    "\n",
    "# 이미지가 표시되고 ESC 키를 눌렀을 때 창 닫기\n",
    "cv2.waitKey(0)\n",
    "cv2.destroyAllWindows()"
   ]
  }
 ],
 "metadata": {
  "kernelspec": {
   "display_name": "ML_CV",
   "language": "python",
   "name": "python3"
  },
  "language_info": {
   "codemirror_mode": {
    "name": "ipython",
    "version": 3
   },
   "file_extension": ".py",
   "mimetype": "text/x-python",
   "name": "python",
   "nbconvert_exporter": "python",
   "pygments_lexer": "ipython3",
   "version": "3.9.21"
  }
 },
 "nbformat": 4,
 "nbformat_minor": 2
}
